          42 !NInterfaces
           1          17 T           1           3           1         101
           1           4           5           3           1           1
           2                     3           1           2           1
           1           1           3 F
           2           7 T           1           3           1         100
           1           5           2           6           1           1
         349                105444          -1           3           1
           1           1           2 F
           3          26 T           1           3         101         200
           1           5           7           6           1           2
         100                 30000          -1           3           1
           1           1           2 F
           4          34 T           1           3           1         250
           2           4          10           3           1           1
           2                     3           1           2           1
           1           1           3 F
           5          23 T           1           3         251         350
           2           4           7           3           1           2
           2                   306           1           2           1
           1           1           3 F
           6          12 T           1           3           1         101
           2           5           3           6           1           1
         208                 62721          -1           3           1
           1           1           2 F
           7           2 T           1           3           1         101
           2           6           1           5           1           1
           2                   600           1           3           1
           1           1           2 F
           8          39 T           1           3         150         209
           3           4          11           6           1           2
         100                 18120          -1           3           1
           1           1           2 F
           9          22 T           1           3          61         149
           3           4           6           5           1          90
           2                   540           1           3           1
           1          -1           2 F
          10          40 T           1           3           1          60
           3           4          12           4           1          61
         100                 18477          -1           2           1
           1          -1           3 F
          11          13 T           1           3           1         101
           3           5           4           3           1           1
           2                     3           1           2           1
           1           1           3 F
          12           6 T           1           3           1         101
           3           6           2           5           1           1
           2                   303           1           3           1
           1           1           2 F
          13          11 T           1           3           1         101
           4           3           3           5           1           1
           2                   303           1           3           1
           1           1           2 F
          14          18 T           1           3           1         101
           4           4           5           5           1         200
           2                  1197           1           3           1
           1          -1           2 F
          15          31 T           1           3           1         250
           4           6           9           4           1           1
         100                   297          -1           2           1
           1           1           3 F
          16          29 T           1           3         251         350
           4           6           8           5           1           2
           2                   306           1           3           1
           1           1           2 F
          17           1 T           1           3           1         101
           5           3           1           4           1           1
         199                   594          -1           2           1
           1           1           3 F
          18          14 T           1           3         101         200
           5           5           4           4           1         100
         349                104994          -1           2           1
           1          -1           3 F
          19          28 T           1           3           1         100
           5           5           8           4           1         101
         100                 30597          -1           2           1
           1          -1           3 F
          20          37 T           1           3           1         101
           6           3          11           3           1         101
           2                 18303           1           2           1
           1          -1           3 F
          21          41 T           1           3           1         101
           6           4          12           5           1         101
           2                   603           1           3           1
           1          -1           2 F
          22           9 T           1           3           1          91
           6           5           3           4           1         150
         100                 45444          -1           2           1
           1          -1           3 F
          23           5 T           1           3           1         101
           7           3           2           4           1         250
         100                 75744          -1           2           1
           1           1           3 F
          24          30 T           1           3           1         101
           7           4           8           6           1           1
         100                 29997          -1           3           1
           1           1           2 F
          25          36 T           1           3           1         101
           7           5          10           6           1           1
         250                 75447          -1           3           1
           1           1           2 F
          26           3 T           1           3           1         101
           7           6           1           5           1         100
           2                   897           1           3           1
           1           1           2 F
          27          33 T           1           3           1         101
           8           3           9           6           1         101
         250                 75747          -1           3           1
           1          -1           2 F
          28          19 T           1           3           1         101
           8           4           5           5           1         101
           2                   900           1           3           1
           1          -1           2 F
          29          16 T           1           3           1         101
           8           5           4           6           1         250
         100                104697          -1           3           1
           1           1           2 F
          30          24 T           1           3           1         101
           8           6           7           4           1           1
         100                   297          -1           2           1
           1           1           3 F
          31          15 T           1           3           1         251
           9           4           4           6           1           1
         100                103950          -1           3           1
           1           1           2 F
          32          42 T           1           3           1         101
           9           5          12           6           1           1
          60                 17877          -1           3           1
           1           1           2 F
          33          27 T           1           3           1         101
           9           6           8           3           1         101
           2                 30303           1           2           1
           1          -1           3 F
          34           4 T           1           3           1         251
          10           3           2           4           1           1
         100                   297          -1           2           1
           1           1           3 F
          35          38 T           1           3           1         101
          10           5          11           4           1         101
          60                 18477          -1           2           1
           1          -1           3 F
          36          25 T           1           3           1         101
          10           6           7           5           1           1
           2                   303           1           3           1
           1           1           2 F
          37          20 T           1           3           1         101
          11           3           6           3           1         101
           2                 27303           1           2           1
           1          -1           3 F
          38          35 T           1           3           1         101
          11           4          10           5           1         101
           2                   603           1           3           1
           1          -1           2 F
          39           8 T           1           3           1          61
          11           6           3           4           1         149
         100                 45141          -1           2           1
           1           1           3 F
          40          10 T           1           3           1          61
          12           4           3           4           1          61
         100                 18477          -1           2           1
           1          -1           3 F
          41          21 T           1           3           1         101
          12           5           6           4           1         101
          90                 27567          -1           2           1
           1          -1           3 F
          42          32 T           1           3           1         101
          12           6           9           5           1           1
           2                   303           1           3           1
           1           1           2 F
