          36 !NInterfaces
           1          25 T           1           3           1          61
           1           3           9           4           1           1
          40                   117          -1           2           1
           1           1           3 F
           2           6 T           1           3           1         101
           1           5           2           6           1           1
          60                 17877          -1           3           1
           1           1           2 F
           3          14 T           1           3           1         101
           1           6           5           5           1           1
           2                   303           1           3           1
           1           1           2 F
           4          22 T           1           3           1          61
           2           3           8           4           1           1
          40                   117          -1           2           1
           1           1           3 F
           5           9 T           1           3           1         101
           2           5           3           6           1           1
         120                 36057          -1           3           1
           1           1           2 F
           6           2 T           1           3           1         101
           2           6           1           5           1           1
           2                   303           1           3           1
           1           1           2 F
           7          19 T           1           3           1         121
           3           3           7           4           1           1
          40                   117          -1           2           1
           1           1           3 F
           8          18 T           1           3           1         101
           3           5           6           6           1           1
         300                 90597          -1           3           1
           1           1           2 F
           9           5 T           1           3           1         101
           3           6           2           5           1           1
           2                   303           1           3           1
           1           1           2 F
          10          31 T           1           3           1         121
           4           3          11           4           1           1
          40                   117          -1           2           1
           1           1           3 F
          11          15 T           1           3           1         101
           4           5           5           6           1           1
          60                 17877          -1           3           1
           1           1           2 F
          12          17 T           1           3           1         101
           4           6           6           5           1           1
           2                   303           1           3           1
           1           1           2 F
          13          28 T           1           3           1          61
           5           3          10           3           1          61
           2                  7383           1           2           1
           1          -1           3 F
          14           3 T           1           3           1         101
           5           5           1           6           1           1
          60                 17877          -1           3           1
           1           1           2 F
          15          11 T           1           3           1         101
           5           6           4           5           1           1
           2                   303           1           3           1
           1           1           2 F
          16          34 T           1           3           1         301
           6           3          12           4           1           1
          40                   117          -1           2           1
           1           1           3 F
          17          12 T           1           3           1         101
           6           5           4           6           1           1
         120                 36057          -1           3           1
           1           1           2 F
          18           8 T           1           3           1         101
           6           6           3           5           1           1
           2                   303           1           3           1
           1           1           2 F
          19           7 T           1           3           1         121
           7           4           3           3           1           1
           2                     3           1           2           1
           1           1           3 F
          20          36 T           1           3           1          41
           7           5          12           6           1           1
         300                 36777          -1           3           1
           1           1           2 F
          21          23 T           1           3           1          41
           7           6           8           5           1           1
           2                   123           1           3           1
           1           1           2 F
          22           4 T           1           3           1          61
           8           4           2           3           1           1
           2                     3           1           2           1
           1           1           3 F
          23          21 T           1           3           1          41
           8           5           7           6           1           1
         120                 14637          -1           3           1
           1           1           2 F
          24          26 T           1           3           1          41
           8           6           9           5           1           1
           2                   123           1           3           1
           1           1           2 F
          25           1 T           1           3           1          61
           9           4           1           3           1           1
           2                     3           1           2           1
           1           1           3 F
          26          24 T           1           3           1          41
           9           5           8           6           1           1
          60                  7257          -1           3           1
           1           1           2 F
          27          30 T           1           3           1          41
           9           6          10           6           1          41
          60                  7377          -1           3           1
           1          -1           2 F
          28          13 T           1           3           1          61
          10           3           5           3           1          61
           2                 18183           1           2           1
           1          -1           3 F
          29          32 T           1           3           1          41
          10           5          11           5           1          41
           2                   243           1           3           1
           1          -1           2 F
          30          27 T           1           3           1          41
          10           6           9           6           1          41
          60                  7377          -1           3           1
           1          -1           2 F
          31          10 T           1           3           1         121
          11           4           4           3           1           1
           2                     3           1           2           1
           1           1           3 F
          32          29 T           1           3           1          41
          11           5          10           5           1          41
           2                   243           1           3           1
           1          -1           2 F
          33          35 T           1           3           1          41
          11           6          12           5           1           1
           2                   123           1           3           1
           1           1           2 F
          34          16 T           1           3           1         301
          12           4           6           3           1           1
           2                     3           1           2           1
           1           1           3 F
          35          33 T           1           3           1          41
          12           5          11           6           1           1
         120                 14637          -1           3           1
           1           1           2 F
          36          20 T           1           3           1          41
          12           6           7           5           1           1
           2                   123           1           3           1
           1           1           2 F
