          42 !NInterfaces
           1          17 T           1           3           1          81
           1           4           5           3           1           1
           2                     3           1           2           1
           1           1           3 F
           2           7 T           1           3           1          70
           1           5           2           6           1           1
          89                 18744          -1           3           1
           1           1           2 F
           3          26 T           1           3          71          85
           1           5           7           6           1           2
          15                   675          -1           3           1
           1           1           2 F
           4          34 T           1           3           1          75
           2           4          10           3           1           1
           2                     3           1           2           1
           1           1           3 F
           5          23 T           1           3          76          90
           2           4           7           3           1           2
           2                    51           1           2           1
           1           1           3 F
           6          12 T           1           3           1          71
           2           5           3           6           1           1
          43                  8946          -1           3           1
           1           1           2 F
           7           2 T           1           3           1          71
           2           6           1           5           1           1
           2                   255           1           3           1
           1           1           2 F
           8          39 T           1           3          30          44
           3           4          11           6           1           2
          15                   675          -1           3           1
           1           1           2 F
           9          22 T           1           3          16          29
           3           4           6           5           1          15
           2                    90           1           3           1
           1          -1           2 F
          10          40 T           1           3           1          15
           3           4          12           4           1          16
          15                   762          -1           2           1
           1          -1           3 F
          11          13 T           1           3           1          71
           3           5           4           3           1           1
           2                     3           1           2           1
           1           1           3 F
          12           6 T           1           3           1          71
           3           6           2           5           1           1
           2                   213           1           3           1
           1           1           2 F
          13          11 T           1           3           1          71
           4           3           3           5           1           1
           2                   213           1           3           1
           1           1           2 F
          14          18 T           1           3           1          71
           4           4           5           5           1          85
           2                   507           1           3           1
           1          -1           2 F
          15          31 T           1           3           1          75
           4           6           9           4           1           1
          15                    42          -1           2           1
           1           1           3 F
          16          29 T           1           3          76          90
           4           6           8           5           1           2
           2                    51           1           3           1
           1           1           2 F
          17           1 T           1           3           1          81
           5           3           1           4           1           1
          84                   249          -1           2           1
           1           1           3 F
          18          14 T           1           3          16          85
           5           5           4           4           1          70
          89                 18894          -1           2           1
           1          -1           3 F
          19          28 T           1           3           1          15
           5           5           8           4           1          16
          15                   762          -1           2           1
           1          -1           3 F
          20          37 T           1           3           1          16
           6           3          11           3           1          16
           2                   723           1           2           1
           1          -1           3 F
          21          41 T           1           3           1          16
           6           4          12           5           1          16
           2                    93           1           3           1
           1          -1           2 F
          22           9 T           1           3           1          16
           6           5           3           4           1          30
          70                  6384          -1           2           1
           1          -1           3 F
          23           5 T           1           3           1          16
           7           3           2           4           1          75
          70                 15969          -1           2           1
           1           1           3 F
          24          30 T           1           3           1          16
           7           4           8           6           1           1
          15                   672          -1           3           1
           1           1           2 F
          25          36 T           1           3           1          16
           7           5          10           6           1           1
          75                  3552          -1           3           1
           1           1           2 F
          26           3 T           1           3           1          16
           7           6           1           5           1          70
           2                   462           1           3           1
           1           1           2 F
          27          33 T           1           3           1          16
           8           3           9           6           1          16
          75                  3597          -1           3           1
           1          -1           2 F
          28          19 T           1           3           1          16
           8           4           5           5           1          16
           2                   300           1           3           1
           1          -1           2 F
          29          16 T           1           3           1          16
           8           5           4           6           1          75
          70                 18852          -1           3           1
           1           1           2 F
          30          24 T           1           3           1          16
           8           6           7           4           1           1
          15                    42          -1           2           1
           1           1           3 F
          31          15 T           1           3           1          76
           9           4           4           6           1           1
          70                 18630          -1           3           1
           1           1           2 F
          32          42 T           1           3           1          16
           9           5          12           6           1           1
          15                   672          -1           3           1
           1           1           2 F
          33          27 T           1           3           1          16
           9           6           8           3           1          16
           2                   723           1           2           1
           1          -1           3 F
          34           4 T           1           3           1          76
          10           3           2           4           1           1
          70                   207          -1           2           1
           1           1           3 F
          35          38 T           1           3           1          16
          10           5          11           4           1          16
          15                   762          -1           2           1
           1          -1           3 F
          36          25 T           1           3           1          16
          10           6           7           5           1           1
           2                    48           1           3           1
           1           1           2 F
          37          20 T           1           3           1          16
          11           3           6           3           1          16
           2                   723           1           2           1
           1          -1           3 F
          38          35 T           1           3           1          16
          11           4          10           5           1          16
           2                    93           1           3           1
           1          -1           2 F
          39           8 T           1           3           1          16
          11           6           3           4           1          29
          70                  6171          -1           2           1
           1           1           3 F
          40          10 T           1           3           1          16
          12           4           3           4           1          16
          70                  3402          -1           2           1
           1          -1           3 F
          41          21 T           1           3           1          16
          12           5           6           4           1          16
          15                   762          -1           2           1
           1          -1           3 F
          42          32 T           1           3           1          16
          12           6           9           5           1           1
           2                    48           1           3           1
           1           1           2 F
