          42 !NInterfaces
           1          17 T           1           3           1          81
           1           4           5           3           1           1
           2                     3           1           2           1
           1           1           3 F
           2           7 T           1           3           1          80
           1           5           2           6           1           1
         129                 31104          -1           3           1
           1           1           2 F
           3          26 T           1           3          81         110
           1           5           7           6           1           2
          30                  2700          -1           3           1
           1           1           2 F
           4          34 T           1           3           1         100
           2           4          10           3           1           1
           2                     3           1           2           1
           1           1           3 F
           5          23 T           1           3         101         130
           2           4           7           3           1           2
           2                    96           1           2           1
           1           1           3 F
           6          12 T           1           3           1          81
           2           5           3           6           1           1
          58                 13851          -1           3           1
           1           1           2 F
           7           2 T           1           3           1          81
           2           6           1           5           1           1
           2                   330           1           3           1
           1           1           2 F
           8          39 T           1           3          40          59
           3           4          11           6           1           2
          30                  1830          -1           3           1
           1           1           2 F
           9          22 T           1           3          21          39
           3           4           6           5           1          20
           2                   120           1           3           1
           1          -1           2 F
          10          40 T           1           3           1          20
           3           4          12           4           1          21
          30                  1947          -1           2           1
           1          -1           3 F
          11          13 T           1           3           1          81
           3           5           4           3           1           1
           2                     3           1           2           1
           1           1           3 F
          12           6 T           1           3           1          81
           3           6           2           5           1           1
           2                   243           1           3           1
           1           1           2 F
          13          11 T           1           3           1          81
           4           3           3           5           1           1
           2                   243           1           3           1
           1           1           2 F
          14          18 T           1           3           1          81
           4           4           5           5           1         110
           2                   657           1           3           1
           1          -1           2 F
          15          31 T           1           3           1         100
           4           6           9           4           1           1
          30                    87          -1           2           1
           1           1           3 F
          16          29 T           1           3         101         130
           4           6           8           5           1           2
           2                    96           1           3           1
           1           1           2 F
          17           1 T           1           3           1          81
           5           3           1           4           1           1
         109                   324          -1           2           1
           1           1           3 F
          18          14 T           1           3          31         110
           5           5           4           4           1          80
         129                 31194          -1           2           1
           1          -1           3 F
          19          28 T           1           3           1          30
           5           5           8           4           1          31
          30                  2877          -1           2           1
           1          -1           3 F
          20          37 T           1           3           1          31
           6           3          11           3           1          31
           2                  1893           1           2           1
           1          -1           3 F
          21          41 T           1           3           1          31
           6           4          12           5           1          31
           2                   183           1           3           1
           1          -1           2 F
          22           9 T           1           3           1          21
           6           5           3           4           1          40
          80                  9714          -1           2           1
           1          -1           3 F
          23           5 T           1           3           1          31
           7           3           2           4           1         100
          80                 24294          -1           2           1
           1           1           3 F
          24          30 T           1           3           1          31
           7           4           8           6           1           1
          30                  2697          -1           3           1
           1           1           2 F
          25          36 T           1           3           1          31
           7           5          10           6           1           1
         100                  9207          -1           3           1
           1           1           2 F
          26           3 T           1           3           1          31
           7           6           1           5           1          80
           2                   567           1           3           1
           1           1           2 F
          27          33 T           1           3           1          31
           8           3           9           6           1          31
         100                  9297          -1           3           1
           1          -1           2 F
          28          19 T           1           3           1          31
           8           4           5           5           1          31
           2                   420           1           3           1
           1          -1           2 F
          29          16 T           1           3           1          31
           8           5           4           6           1         100
          80                 31107          -1           3           1
           1           1           2 F
          30          24 T           1           3           1          31
           8           6           7           4           1           1
          30                    87          -1           2           1
           1           1           3 F
          31          15 T           1           3           1         101
           9           4           4           6           1           1
          80                 30810          -1           3           1
           1           1           2 F
          32          42 T           1           3           1          31
           9           5          12           6           1           1
          20                  1767          -1           3           1
           1           1           2 F
          33          27 T           1           3           1          31
           9           6           8           3           1          31
           2                  2793           1           2           1
           1          -1           3 F
          34           4 T           1           3           1         101
          10           3           2           4           1           1
          80                   237          -1           2           1
           1           1           3 F
          35          38 T           1           3           1          31
          10           5          11           4           1          31
          20                  1947          -1           2           1
           1          -1           3 F
          36          25 T           1           3           1          31
          10           6           7           5           1           1
           2                    93           1           3           1
           1           1           2 F
          37          20 T           1           3           1          31
          11           3           6           3           1          31
           2                  1893           1           2           1
           1          -1           3 F
          38          35 T           1           3           1          31
          11           4          10           5           1          31
           2                   183           1           3           1
           1          -1           2 F
          39           8 T           1           3           1          21
          11           6           3           4           1          39
          80                  9471          -1           2           1
           1           1           3 F
          40          10 T           1           3           1          21
          12           4           3           4           1          21
          80                  5097          -1           2           1
           1          -1           3 F
          41          21 T           1           3           1          31
          12           5           6           4           1          31
          20                  1947          -1           2           1
           1          -1           3 F
          42          32 T           1           3           1          31
          12           6           9           5           1           1
           2                    93           1           3           1
           1           1           2 F
